 1 0    0.88055325    0.88940299    0.98289734    0.98470062
 1 0    0.89641893    0.90542817    0.98613459    0.98798072
 1 0    0.99502486    1.00502515    1.00666106    1.00878203
 1 0    1.00507557    1.01517689    1.00879264    1.01094282
 1 0    1.01533139    1.02553570    1.01097572    1.01315558
 1 0    1.29774833    1.31079102    1.07442260    1.07752490
 1 0    1.37747073    1.39131463    1.09365451    1.09706211
 1 0    1.43975222    1.45422208    1.10915124    1.11281395
 1 0    1.51195621    1.52715170    1.12767696    1.13165700
 1 0    1.59769356    1.61375082    1.15052247    1.15490925
 1 0    1.76943183    1.78721499    1.19939065    1.20471096
 1 0    1.83040392    1.84879994    1.21785140    1.22354567
 1 0    1.89951146    1.91860199    1.23955357    1.24570143
 1 0    2.03108549    2.05149841    1.28336048    1.29046977
 1 0    2.23108768    2.25351048    1.35703552    1.36588657
 1 0    2.39573836    2.41981602    1.42509913    1.43567348
 1 0    2.59610963    2.62220097    1.51833344    1.53138411
 1 0    3.14654517    3.17816877    1.83993375    1.86110175
 1 0    3.55366063    3.58937597    2.12269282    2.14766383
 1 0    3.98649335    4.02655840    2.40732050    2.43086267
 1 0    4.45765877    4.50245953    2.64651012    2.66507006
 1 0    5.59543610    5.65167141    2.95870137    2.96803260
 1 0    6.63349962    6.70016766    3.08439493    3.08997774
 1 0    6.64828968    6.71510649    3.08565307    3.09119916
 1 0    7.65403795    7.73096275    3.15097499    3.15471315
 1 0    9.95024872   10.05025101    3.22291684    3.22482896
 1 0   12.43781090   12.56281376    3.25643969    3.25757289
 1 1    0.89641893    0.90542817    1.70709753    1.72070074
 1 1    0.99502486    1.00502515    1.86570740    1.88301134
 1 1    1.00507557    1.01517689    1.88309920    1.90081143
 1 1    1.01533139    1.02553570    1.90108395    1.91922021
 1 1    1.29774833    1.31079102    2.48375607    2.51322985
 1 1    1.37747073    1.39131463    2.66182566    2.69179320
 1 1    1.43975222    1.45422208    2.79264164    2.82130742
 1 1    1.51195621    1.52715170    2.92755413    2.95317221
 1 1    1.59769356    1.61375082    3.05857491    3.07946563
 1 1    1.76943183    1.78721499    3.22821331    3.23970914
 1 1    1.83040392    1.84879994    3.26361275    3.27215528
 2 0    0.82918710    0.83752060    0.95240980    0.95570922
 2 0    0.85044873    0.85899597    0.96086067    0.96428853
 2 0    0.86523885    0.87393469    0.96680331    0.97032243
 2 0    0.88055325    0.88940299    0.97301304    0.97662795
 2 0    0.89641893    0.90542817    0.97950774    0.98322493
 2 0    0.99502486    1.00502515    1.02147222    1.02590477
 2 0    1.00507557    1.01517689    1.02592719    1.03044248
 2 0    1.01533139    1.02553570    1.03051186    1.03511393
 2 0    1.29774833    1.31079102    1.17899799    1.18727064
 2 0    1.37747073    1.39131463    1.23225927    1.24221349
 2 0    1.43975222    1.45422208    1.27890372    1.29046392
 2 0    1.51195621    1.52715170    1.33963406    1.35344601
 2 0    1.59769356    1.61375082    1.42290735    1.44004381
 2 0    1.76943183    1.78721499    1.63540590    1.66119814
 2 0    1.83040392    1.84879994    1.72643650    1.75515163
 2 0    1.89951146    1.91860199    1.83584440    1.86622834
 2 0    2.03108549    2.05149841    2.02744055    2.05095410
 2 0    2.23108768    2.25351048    2.18792939    2.19978833
 2 0    2.39573836    2.41981602    2.26401019    2.27357364
 2 0    2.59610963    2.62220097    2.33629680    2.34468961
 2 0    3.14654517    3.17816877    2.48011613    2.48667455
 2 0    3.55366063    3.58937597    2.55445647    2.56006360
 2 0    3.98649335    4.02655840    2.61474800    2.61958766
 2 0    4.45765877    4.50245953    2.66550684    2.66971612
 2 0    5.59543610    5.65167141    2.74969411    2.75290108
 2 0    6.63349962    6.70016766    2.79955649    2.80219626
 2 0    6.64828968    6.71510649    2.80014682    2.80278015
 2 0    7.65403795    7.73096275    2.83464813    2.83689666
 2 0    9.95024872   10.05025101    2.88617229    2.88785839
 2 0   12.43781090   12.56281376    2.91978526    2.92111039
 2 1    0.82918710    0.83752060    1.53255236    1.53905249
 2 1    0.85044873    0.85899597    1.54898441    1.55544913
 2 1    0.86523885    0.87393469    1.56012142    1.56656027
 2 1    0.88055325    0.88940299    1.57140899    1.57782304
 2 1    0.89641893    0.90542817    1.58285367    1.58924484
 2 1    0.99502486    1.00502515    1.64913845    1.65546906
 2 1    1.00507557    1.01517689    1.65550089    1.66183436
 2 1    1.01533139    1.02553570    1.66193068    1.66826892
 2 1    1.29774833    1.31079102    1.82318330    1.83019102
 2 1    1.37747073    1.39131463    1.86573029    1.87305975
 2 1    1.43975222    1.45422208    1.89860976    1.90622103
 2 1    1.51195621    1.52715170    1.93653893    1.94451666
 2 1    1.59769356    1.61375082    1.98163939    1.99013388
 2 1    1.76943183    1.78721499    2.07508922    2.08537674
 2 1    1.83040392    1.84879994    2.11134553    2.12296295
 2 1    1.89951146    1.91860199    2.15752149    2.17182565
 2 1    2.03108549    2.05149841    2.28014183    2.30523276
 2 1    2.23108768    2.25351048    2.56322503    2.59567261
