           2           0   9.95024890E-02  0.100502513      0.805648267      0.805647671    
           2           0  0.122251742      0.123480402      0.805653334      0.805653930    
           2           0  0.150200993      0.151710555      0.805691838      0.805696011    
           2           0  0.184540302      0.186394975      0.805888176      0.805906773    
           2           0  0.226731345      0.229010046      0.806619108      0.806680799    
           2           0  0.278568149      0.281367838      0.808756053      0.808920324    
           2           0  0.342255712      0.345695466      0.813961506      0.814335585    
           2           0  0.420504481      0.424730659      0.825006425      0.825756073    
           2           0  0.516641796      0.521834195      0.845858335      0.847200394    
           2           0  0.634759247      0.641138732      0.880930543      0.883057594    
           2           0  0.779881597      0.787719607      0.933227360      0.936237097    
           2           0  0.958182096      0.967812061       1.00544333       1.00958920    
           2           0   1.17724681       1.18907845       1.10938525       1.11573482    
           2           0   1.44639599       1.46093261       1.28417528       1.29592431    
           2           0   1.77707863       1.79493868       1.64641416       1.67260671    
           2           0   2.18336320       2.20530653       2.16015053       2.17340970    
           2           0   2.68253517       2.70949531       2.36336470       2.37139821    
           2           0   3.29583168       3.32895565       2.50982094       2.51599932    
           2           0   4.04934263       4.09003925       2.62229085       2.62703562    
           2           0   4.97512436       5.02512550       2.70903730       2.71272159    
           2           1   9.95024890E-02  0.100502513      0.879012048      0.879477441    
           2           1  0.122251742      0.123480402      0.891491473      0.892284930    
           2           1  0.150200993      0.151710555      0.912801564      0.914152563    
           2           1  0.184540302      0.186394975      0.948422968      0.950605452    
           2           1  0.226731345      0.229010046       1.00066626       1.00345075    
           2           1  0.278568149      0.281367838       1.05602968       1.05854893    
           2           1  0.342255712      0.345695466       1.10720336       1.10977590    
           2           1  0.420504481      0.424730659       1.16635513       1.16967547    
           2           1  0.516641796      0.521834195       1.24723327       1.25192189    
           2           1  0.634759247      0.641138732       1.35910463       1.36527371    
           2           1  0.779881597      0.787719607       1.49240100       1.49897933    
           2           1  0.958182096      0.967812061       1.62525010       1.63158488    
           2           1   1.17724681       1.18907845       1.75713468       1.76374972    
           2           1   1.44639599       1.46093261       1.90210617       1.90974820    
           2           1   1.77707863       1.79493868       2.07948947       2.08991051    
           2           1   2.18336320       2.20530653       2.49292469       2.52541018    
           2           1   2.68253517       2.70949531       3.13288569       3.16335440    
           2           2   9.95024890E-02  0.100502513      0.937237382      0.939107358    
           2           2  0.122251742      0.123480402      0.985353351      0.988191307    
           2           2  0.150200993      0.151710555       1.04605842       1.04879892    
           2           2  0.184540302      0.186394975       1.09704924       1.09952497    
           2           2  0.226731345      0.229010046       1.16128826       1.16541290    
           2           2  0.278568149      0.281367838       1.26139855       1.26659036    
           2           2  0.342255712      0.345695466       1.36860764       1.37399304    
           2           2  0.420504481      0.424730659       1.48731446       1.49355531    
           2           2  0.516641796      0.521834195       1.62684608       1.63434267    
           2           2  0.634759247      0.641138732       1.80418289       1.81443918    
           2           2  0.779881597      0.787719607       2.06744933       2.08377552    
           2           2  0.958182096      0.967812061       2.47276878       2.49386954    
           2           2   1.17724681       1.18907845       2.82685924       2.84000778    
           2           2   1.44639599       1.46093261       3.07981110       3.09239364    
           2           2   1.77707863       1.79493868       3.30917978       3.30917978    
           2           3   9.95024890E-02  0.100502513       1.03365803       1.03690565    
           2           3  0.122251742      0.123480402       1.09217608       1.09475958    
           2           3  0.150200993      0.151710555       1.15846252       1.16259325    
           2           3  0.184540302      0.186394975       1.23879719       1.24213028    
           2           3  0.226731345      0.229010046       1.31293976       1.31742239    
           2           3  0.278568149      0.281367838       1.43770075       1.44527793    
           2           3  0.342255712      0.345695466       1.60028374       1.60848904    
           2           3  0.420504481      0.424730659       1.78938723       1.80013943    
           2           3  0.516641796      0.521834195       2.05556989       2.07166767    
           2           3  0.634759247      0.641138732       2.51356339       2.54323101    
           2           3  0.779881597      0.787719607       3.03800488       3.05724788    
