  8
   0.250   0.200   0.200   0.200   0.200   0.480   0.270 
  1.850  2.360  2.630  3.150  3.710  4.540  5.480  5.800 
  0.860  1.100  1.240  1.470  1.730  2.130  3.130  3.310 
 2.470 2.470 2.470 2.470 2.470 2.580 2.580 2.630 
 0.0050
  30
  30   2   2
   0.833   0.855   0.870   0.885   0.901   1.000   1.010   1.020   1.304   1.384   1.447   1.520   1.606   1.778   1.840   1.909   2.041   2.242   2.408   2.609   3.162   3.571   4.006   4.480   5.623   6.667   6.682   7.692  10.000  12.500 
   4  30
   5  15
  30   2   2
   0.833   0.855   0.870   0.885   0.901   1.000   1.010   1.020   1.304   1.384   1.447   1.520   1.606   1.778   1.840   1.909   2.041   2.242   2.408   2.609   3.162   3.571   4.006   4.480   5.623   6.667   6.682   7.692  10.000  12.500 
   1  30
   1  18
