 1 0   0.880597   0.889447   0.982906   0.984710
 1 0   0.896517   0.905528   0.986155   0.988001
 1 0   0.995025   1.005025   1.006661   1.008782
 1 0   1.004975   1.015075   1.008771   1.010921
 1 0   1.014925   1.025126   1.010889   1.013068
 1 0   1.297512   1.310553   1.074367   1.077468
 1 0   1.377114   1.390955   1.093567   1.096973
 1 0   1.439801   1.454271   1.109164   1.112826
 1 0   1.512438   1.527638   1.127803   1.131785
 1 0   1.598010   1.614070   1.150609   1.154997
 1 0   1.769154   1.786935   1.199308   1.204627
 1 0   1.830846   1.849246   1.217987   1.223685
 1 0   1.899503   1.918593   1.239551   1.245699
 1 0   2.030846   2.051256   1.283278   1.290385
 1 0   2.230846   2.253266   1.356941   1.365790
 1 0   2.396020   2.420100   1.425222   1.435799
 1 0   2.596020   2.622111   1.518289   1.531339
 1 0   3.146269   3.177889   1.839749   1.860914
 1 0   3.553234   3.588945   2.122394   2.147363
 1 0   3.986070   4.026131   2.407068   2.430614
 1 0   4.457712   4.502512   2.646533   2.665092
 1 0   5.595025   5.651257   2.958631   2.967965
 1 0   6.633831   6.700502   3.084423   3.090005
 1 0   6.648757   6.715578   3.085692   3.091238
 1 0   7.653731   7.730653   3.150960   3.154698
 1 0   9.950249  10.050251   3.222917   3.224829
 1 0  12.437811  12.562814   3.256440   3.257573
 1 1   0.896517   0.905528   1.707245   1.720852
 1 1   0.995025   1.005025   1.865707   1.883011
 1 1   1.004975   1.015075   1.882924   1.900632
 1 1   1.014925   1.025126   1.900368   1.918487
 1 1   1.297512   1.310553   2.483222   2.512692
 1 1   1.377114   1.390955   2.661049   2.691020
 1 1   1.439801   1.454271   2.792739   2.821404
 1 1   1.512438   1.527638   2.928381   2.953976
 1 1   1.598010   1.614070   3.058996   3.079870
 1 1   1.769154   1.786935   3.228025   3.239536
 1 1   1.830846   1.849246   3.263829   3.272351
 2 0   0.828856   0.837186   0.952279   0.955576
 2 0   0.850746   0.859297   0.960980   0.964409
 2 0   0.865672   0.874372   0.966978   0.970500
 2 0   0.880597   0.889447   0.973031   0.976646
 2 0   0.896517   0.905528   0.979548   0.983266
 2 0   0.995025   1.005025   1.021472   1.025905
 2 0   1.004975   1.015075   1.025882   1.030397
 2 0   1.014925   1.025126   1.030330   1.034928
 2 0   1.297512   1.310553   1.178850   1.187118
 2 0   1.377114   1.390955   1.232006   1.241952
 2 0   1.439801   1.454271   1.278942   1.290504
 2 0   1.512438   1.527638   1.340066   1.353895
 2 0   1.598010   1.614070   1.423239   1.440390
 2 0   1.769154   1.786935   1.635009   1.660786
 2 0   1.830846   1.849246   1.727121   1.755854
 2 0   1.899503   1.918593   1.835830   1.866214
 2 0   2.030846   2.051256   2.027152   2.050687
 2 0   2.230846   2.253266   2.187799   2.199662
 2 0   2.396020   2.420100   2.264125   2.273685
 2 0   2.596020   2.622111   2.336268   2.344661
 2 0   3.146269   3.177889   2.480058   2.486617
 2 0   3.553234   3.588945   2.554389   2.559997
 2 0   3.986070   4.026131   2.614696   2.619537
 2 0   4.457712   4.502512   2.665512   2.669721
 2 0   5.595025   5.651257   2.749670   2.752877
 2 0   6.633831   6.700502   2.799570   2.802209
 2 0   6.648757   6.715578   2.800165   2.802799
 2 0   7.653731   7.730653   2.834639   2.836888
 2 0   9.950249  10.050251   2.886172   2.887858
 2 0  12.437811  12.562814   2.919785   2.921110
 2 1   0.828856   0.837186   1.532290   1.538793
 2 1   0.850746   0.859297   1.549211   1.555675
 2 1   0.865672   0.874372   1.560444   1.566882
 2 1   0.880597   0.889447   1.571441   1.577855
 2 1   0.896517   0.905528   1.582924   1.589315
 2 1   0.995025   1.005025   1.649139   1.655469
 2 1   1.004975   1.015075   1.655438   1.661771
 2 1   1.014925   1.025126   1.661677   1.668015
 2 1   1.297512   1.310553   1.823056   1.830063
 2 1   1.377114   1.390955   1.865541   1.872869
 2 1   1.439801   1.454271   1.898636   1.906247
 2 1   1.512438   1.527638   1.936792   1.944772
 2 1   1.598010   1.614070   1.981807   1.990303
 2 1   1.769154   1.786935   2.074930   2.085213
 2 1   1.830846   1.849246   2.111620   2.123250
 2 1   1.899503   1.918593   2.157515   2.171819
 2 1   2.030846   2.051256   2.279856   2.304925
 2 1   2.230846   2.253266   2.562873   2.595322
